2015-03-12 23:30:29,096 WARN  [main] conf.HiveConf (HiveConf.java:initialize(1507)) - DEPRECATED: Configuration property hive.metastore.local no longer has any effect. Make sure to provide a valid value for hive.metastore.uris if you are connecting to a remote metastore.
1
35
64
78
79
94
95
119
140
157
177
179
186
196
236
237
243
248
254
265
269
271
311
318
327
338
363
367
400
406
433
445
457
462
472
487
488
489
501
515
529
530
546
552
569
571
575
576
586
591
595
596
628
631
722
732
746
754
768
775
820
822
836
837
838
839
881
905
916
917
931
950
960
969
980
984
1017
1021
1036
1045
1061
1064
1078
1080
1081
1130
1139
1143
1164
1165
1166
1167
1175
1179
1180
1182
1188
1197
1222
1233
1239
1242
1274
1300
1302
1303
1314
1319
1320
1343
1402
1404
1409
1413
1415
1435
1466
1467
1471
1499
1513
1519
1524
1528
1538
1640
1652
1659
1664
1726
1741
1742
1744
1746
1752
1753
1757
1767
1778
1782
1786
1787
1810
1825
1863
1866
1873
1877
1879
1901
1932
1934
1944
1947
1948
1949
1957
1969
1977
2006
2008
2014
2029
2048
2068
2122
2134
2138
2204
2247
2355
2379
2389
2409
2435
2466
2495
2542
2543
2547
2581
2598
2599
2615
2616
2682
2795
2853
2960
3051
3103
3104
3115
3119
3121
3128
3129
3146
3173
3175
3189
3225
3227
3229
3235
3238
3243
3263
3277
3280
3285
3294
3297
3309
3344
3346
3361
3370
3374
3511
3512
3571
3580
3757
3798
3973
4066
4140
4217
4220
4226
4258
4378
4456
4458
4595
4850
4988
4998
5633
5746
6054
6320
6453
6514
6525
6526
6713
6737
6763
6881
7048
7513
7519
7920
7965
8511
8782
9267
9270
9344
9357
9358
9437
9539
9542
9646
9654
9657
9663
9712
9769
9772
9807
10188
10191
10227
10246
10251
10257
10266
10275
10284
10293
10323
10329
10330
10335
10337
10379
10422
10429
10437
10439
10447
10472
10474
10487
10495
10497
10498
10511
10521
10525
10528
10537
10539
10573
10577
10594
10603
10612
10614
10654
10663
10664
10671
10707
10714
10767
10775
10787
10802
10824
10833
10841
10856
10865
10869
10877
10888
10933
10937
10941
10943
10953
10957
11001
11019
11087
11132
11144
11145
11163
11180
11193
11197
11211
11224
11253
11260
11270
11273
11297
11330
11395
11426
11457
11581
11587
11622
11638
11673
11674
11680
11693
11754
11791
11798
11834
11851
11852
11902
11981
12003
12012
12017
12067
12075
12096
12115
12117
12138
12159
12195
12197
12201
12237
12242
12254
12280
12311
12322
12332
12336
12340
12342
12343
12411
12460
12474
12510
12512
12524
12527
12535
12567
12635
12906
13001
13006
13059
13083
13086
13140
13153
13211
13265
13366
13372
13373
13441
13443
13478
13483
13496
13621
13650
13913
13955
13963
13966
13967
14069
14073
14080
14081
14097
14105
14125
14136
14188
14196
14210
14229
14264
14278
14280
14286
14296
14298
14313
14325
14327
14333
14356
14394
14396
14397
14404
14406
14419
14438
14456
14471
14472
14525
14529
14532
14533
14540
14595
14622
14647
14653
14679
14697
14714
14734
14750
14781
14798
14811
14815
14844
14911
14926
14936
14939
14959
14966
14967
14971
14972
15047
15065
15090
15113
15137
15179
15212
15262
15271
15363
15430
15530
15684
15685
15700
15716
15802
15803
15807
15816
15822
15898
15899
15900
15912
15925
15939
15956
15972
15983
16021
16025
16027
16076
16103
16135
16139
16158
16161
16186
16195
16197
16216
16223
16234
16264
16288
16297
16303