15912	1274	11.3
15912	697245	2.3
20156	66153	4.2
22375	1574615	2.3
34092	14966	2.3
34689	14333	4.3
41485	14333	2.3
46873	22566	4.3
49159	3798	4.3
58863	9265	2.3
58863	294670	2.3
60846	11587	2.3
70837	15530	2.3
77925	1080	3.3
77925	3225	5.3
77925	3798	5.3
77925	10851	4.3
77925	10943	4.3
77925	14406	2.3
77925	14540	2.3
77925	1611055	2.3
81769	457	3.3
84836	487	2.3
84836	16288	3.3
85127	1499	2.3
94234	261935	2.3
94234	1640242	2.3
97067	318	2.3
98549	20989	2.3
98549	2010684	3.3
99450	42111	4.3
99647	196	2.3
99647	246652	2.0
100472	69831	2.3
105602	3798	2.3
109309	1080	4.3
113928	3103	4.2
121892	2331022	2.3
131067	2059429	2.0
131490	838	3.3
131490	1164	3.3
131490	9539	5.3
131490	17031	2.3
131490	484002	3.3
133479	14419	3.3
134477	159376	3.3
136890	13496	2.3
145028	14191	2.3
145028	1148080	2.3
154387	157	8.3
154387	10888	4.3
154387	585799	2.3
154932	2138	6.0
158255	552	2.3
158255	16284	2.3
158588	72906	5.3
159027	1239	3.3
165808	56582	5.3
165808	2357466	2.3
166558	2357466	6.3
168619	58397	2.3
174594	11001	11.2
174594	703993	6.3
178968	666195	2.3
182147	14734	4.3
182782	2435	10.3
182865	13963	3.3
182865	2781500	3.3
185449	1485693	2.3
189060	15816	4.3
189060	553345	2.3
191480	13621	4.3
191480	2552293	2.3
196763	14926	2.3
203664	183947	8.3
204143	16384	6.3
225460	2542	3.6
225460	14540	1.6
225460	14911	1.6
232610	15700	2.3
232610	16025	2.3
236135	198749	2.3
237877	1166	2.3
238309	746	4.3
238309	1578204	2.3
239057	15179	7.6
244746	261935	2.3
244746	605019	5.3
246481	1081	7.3
246481	1957	2.3
246481	3115	2.3
246481	3798	4.3
246481	15179	2.3
246481	20150	6.3
246481	2638691	2.3
248149	10957	2.3
248804	1493394	3.3
251233	1402	5.3
251558	14327	2.3
251558	1322442	2.3
253249	16384	2.3
254016	22140	2.3
254293	10329	6.3
254293	1322442	9.3
256236	311	2.3
256236	10329	7.3
256236	75243	7.3
259171	916	2.3
262281	1274	2.3
270683	14734	2.3
270683	74202	3.3
272409	111760	4.3
276820	1166	2.3
276820	64265	2.3
278489	10937	11.3
278489	177234	10.0
281431	16025	5.3
281766	43310	2.3
291230	1836003	7.8
292854	1180	12.3
301651	70296	6.3
307490	14069	10.3
310943	68282	2.3
312516	596	2.3
316162	488	5.3
316427	78279	2.3
319655	253856	11.3
321256	3129	2.3
330974	23215	9.3
330974	2593071	2.3
331239	2048	11.3
335651	10227	7.3
336812	14529	8.3
336812	75583	6.3
343002	2328969	7.3
358053	2756401	2.3
362192	405913	3.3
366818	198749	2.3
367141	16076	2.3
367141	73905	10.3
367141	2171063	2.3
369425	631	2.3
369425	184718	11.3
369425	1651753	3.3
369425	2767977	3.3
371436	1766208	2.3
381832	16384	2.3
382592	159376	2.3
387409	11798	2.3
387409	13963	2.3
387409	78990	2.3
390009	57578	7.3
390009	276517	3.3
391394	58857	11.3
393327	2775920	3.3
396179	243	2.3
396179	1778	2.3
396179	15179	7.3
396179	183947	3.3
396179	559703	4.3
396373	69413	2.3
401134	12474	6.3
409244	2543	3.3
414676	57695	2.3
414676	628837	2.3
414676	2003575	2.3
414962	444618	2.2
415818	1185432	3.3
418963	64313	2.3
418963	2748803	3.3
425655	447155	3.2
428438	457	2.3
428438	59573	3.3
437199	2327355	2.3
437622	591	3.3
437622	984	2.8
437622	3294	11.3
437622	13621	5.3
437622	14911	5.3
437622	64265	3.3
437622	608567	3.3
440045	72512	6.3
445959	116095	2.3
450410	2138	3.3
454399	157	2.3
455776	433713	2.3
466745	3225	3.8
467111	1197	4.3
475936	10498	2.3
478763	10329	2.3
478763	14911	3.3
478763	24803	2.3
478763	67358	8.0
483586	14911	4.3
484088	631	3.3
484088	2171063	4.3
484441	472	2.3
484696	10937	3.3
484696	46316	2.3
487265	31171	8.0
487658	24803	2.3
488992	1901	4.3
489281	1578204	2.3
489281	2738669	2.3
493919	296270	5.3
494291	14734	2.3
497090	1742809	2.3
501806	2221613	4.3
614016	16186	3.8
616802	13963	3.3
626203	13621	2.3
626509	74181	6.3
626816	2682	3.3
636972	1492832	2.3
646645	1778	10.3
656553	3374	3.3
656553	12138	2.3
690558	69831	4.3
692325	41578	4.3
692325	1102907	10.3
693613	46237	8.3
705946	836	6.3
705946	14419	6.3
717960	13483	6.3
723636	18114	2.3
723636	67332	2.3
723636	349714	5.3
725449	10379	2.3
742270	10787	2.3
757442	4458	2.3
757442	70251	11.3
757442	490590	2.3
768573	10266	2.3
799771	38765	2.3
827343	10933	10.8
827343	163897	5.8
831908	14911	3.3
837336	1300	4.3
839481	243	2.3
839481	1303	2.3
842869	100362	2.3
850016	64265	11.2
850016	249667	11.3
852666	631	2.3
852666	3798	2.3
852666	11852	2.3
853065	10329	2.3
873849	1164	2.3
886977	71236	10.3
903214	70713	2.3
921391	703993	2.3
923609	14911	2.3
926663	276502	2.3
930415	10246	2.3
955896	2756401	4.3
956260	3238	6.3
956260	14397	2.3
956260	14406	2.3
958790	13621	2.3
958790	29920	11.3
995072	15816	2.3
1008021	10603	3.3
1008021	58857	3.0
1008021	1432167	2.3
1034757	74180	2.3
1037986	10937	4.3
1037986	14406	2.3
1037986	232499	2.3
1037986	666195	6.3
1064053	14781	4.3
1097658	2853	3.3
1097658	24803	3.3
1103316	1877	3.3
1113529	14911	4.3
1120453	225630	3.3
1127534	16384	2.3
1128913	529	2.3
1128913	10498	3.3
1128913	1490372	6.8
1133089	70296	2.3
1145083	35230	5.3
1145083	38765	3.3
1172814	35986	2.3
1186773	13955	6.3
1192552	243	2.3
1212526	159376	2.3
1342595	487	2.3
1365381	58049	2.3
1380971	294657	3.3
1389768	3229	2.2
1403025	2134	2.3
1403025	4140	3.3
1422457	70713	2.3
1448298	72512	2.3
1450250	1320	3.3
1450250	16480	3.3
1450250	1578204	3.3
1450250	2002315	2.3
1450250	2748803	3.3
1455857	22820	2.3
1455857	68157	2.3
1455857	99508	3.3
1463160	31721	2.3
1499356	472	8.3
1525690	294657	2.3
1528932	3229	11.3
1534540	32775	2.3
1547819	261935	2.3
1548458	457	2.3
1548458	487	2.0
1566400	2495	2.3
1566400	10495	2.3
1566400	20989	2.3
1570966	10329	5.3
1570966	444618	7.3
1595650	608567	3.3
1602225	15900	4.3
1602225	1492831	11.3
1610212	2168855	4.3
1618669	11587	11.3
1618669	163897	7.3
1621294	3294	11.0
1627946	12474	13.3
1627946	1189802	13.3
1627946	2300112	5.3
1628619	1833	11.3
1643284	969	2.3
1661211	3798	3.3
1661211	8511	2.3
1661211	14911	6.3
1673268	15179	3.3
1694314	36041	2.3
1702095	236	12.3
1712409	68539	2.3
1716595	2134	2.3
1767785	608072	3.3
1778903	746	3.3
1783231	1949	1.8
1797205	11587	2.3
1806257	457	2.3
1813765	320241	6.3
1832778	1640242	2.3
1861799	472829	2.3
1862007	552	7.3
1862007	1716661	2.3
1883119	2853	2.3
1900267	3121	3.0
1900267	27248	1.6
1908452	217258	2.3
1910680	1492831	2.3
1932424	168620	4.3
1932424	2591975	3.3
1933380	44973	4.3
1936445	3227	3.3
1983546	62979	3.3
1987192	642573	6.3
1990353	14734	2.3
1990353	294694	2.3
1995412	595	2.3
1997007	70713	5.3
1997007	294694	2.3
2035188	1499	2.3
2043082	1578204	2.3
2043768	18114	4.3
2043865	57465	3.3
2043865	1742809	3.3
2069590	31115	2.3
2087184	70713	2.3
2092198	61107	11.3
2111664	120315	2.3
5002050	1402	2.3
5002050	10329	6.3
5002683	2758136	2.2
5002849	1610737	4.0
5009161	1300	3.3
5009651	596	4.3
5009651	59573	3.3
5010995	1274	2.3
5010995	3294	3.3
5013056	10707	2.3
5014233	927569	2.3
5014814	1415	8.3
5020108	11197	2.3
5020108	65893	2.3
5020108	70251	3.3
5020108	693964	2.3
5020108	793244	2.3
5022526	445	2.3
5024537	202732	3.3
5024537	269881	2.3
5024537	1147567	2.3
5024629	24803	2.3
5024629	38765	4.0
5024629	217258	2.2
5024629	608567	3.3
5026314	64706	2.3
5029809	64313	2.3
5034636	243	2.3
5038966	14697	2.3
5038966	26624	2.3
5039447	1742809	2.3
5044321	69135	3.3
5050096	13621	2.3
5052703	3798	2.3
5054751	11981	2.3
5058109	4226	3.3
5059067	10227	2.3
5061487	3225	2.3
5061487	72512	3.3
5061795	1493394	3.3
5065555	70957	2.3
5068043	768	2.3
5068992	905	3.3
5070906	10603	2.3
5070906	294694	2.3
5073056	2954	2.3
5075024	221811	2.3
5076149	311	2.3
5089029	2002921	2.3
5089878	33511	2.3
5089878	36041	2.3
5092929	3374	2.3
5093762	1239	2.3
5094299	56248	2.3
5099910	196	9.3
5101480	54580	2.3
5101480	78573	3.3
5124145	27604	2.2
5124145	42395	3.3
5124145	48425	3.3
5134649	9646	2.3
5136873	74023	2.3
5136873	349714	3.3
5139116	1493394	2.3
5139682	10330	2.3
5141445	15179	2.3
5142481	103666	7.3
5142564	436171	2.3
5144736	487	5.0
5144760	3238	3.3
5145459	266438	4.0
5152030	513427	2.3
5152577	487	6.3
5166509	59969	11.3
5166613	57578	9.6
5166664	16288	2.3
5169546	14911	11.3
5170081	14191	2.3
5170081	100362	2.3
5174592	563677	2.3
5176633	1528	4.3
5184881	311	3.3
5187812	62622	2.3
5187812	1381909	3.3
5188107	956648	2.3
5193384	1493394	2.3
5193669	14406	9.0
5193841	335037	4.3
5208090	16384	2.2
5209185	15179	2.3
5210835	58178	11.3
5212279	563677	2.3
5215362	48425	2.3
5219431	1431885	3.3
5220009	16384	4.3
5220374	2081937	2.3
5220402	156413	2.3
5220402	513407	4.0
5223512	73374	2.3
5228091	229645	2.3
5229155	628837	2.3
5229155	1689553	3.3
5229443	152864	1.6
5231175	15816	5.0
5239779	716346	3.3
5240747	249667	11.3
5243064	64706	7.3
5245007	1787	2.3
5246801	2221613	2.3
5253534	29178	3.3
5254451	320594	2.3
5257759	20989	2.3
5258177	10378	2.3
5258449	31709	2.2
5259506	2748803	2.3
5263213	3051	2.3
5268993	1493394	2.3
5271906	62908	2.2
5271906	67358	1.6
5277102	3229	2.3
5277102	16288	2.2
5277102	68282	2.3
5279493	70296	5.3
5283398	11834	2.3
5286918	1415	2.3
5289662	11852	6.3
5292870	66664	2.2
5295127	279830	2.3
6012431	57578	1.8
6012644	454553	3.3
6027129	82609	11.3
6027278	34555	10.8
6028370	445	2.3
6028370	71931	11.3
6030645	62622	5.3
6039844	1164	2.3
6068430	18220	2.3
6075609	38765	4.3
6076118	1787	2.3
6077500	443339	3.9
6080054	927569	2.3
6098552	1036	2.8
6099248	71931	3.3
6112078	1664	3.3
6119103	294694	2.3
6141752	320241	2.3
6142828	15900	6.3
6147038	10603	2.3
6147917	243	2.3
6157370	587966	3.3
6162815	1302	2.3
6163591	177221	2.3
6163591	1492831	2.3
6166248	20150	11.3
6173572	3227	2.8
6175466	15816	2.3
6179516	57465	6.3
6180276	38131	2.3
6184205	294694	5.3
6189609	2081937	2.3
6194967	2543	2.3
6200067	14911	3.3
6205746	1121825	3.3
6207215	436171	4.3
6209186	16384	2.3
6222462	1459694	2.3
6225191	10671	2.3
6229066	3374	5.3
6229066	58857	4.3
6229748	3798	2.3
6229748	16480	2.3
6229748	335064	2.3
6232376	10246	3.3
6232800	163897	2.2
6256576	1303	11.3
6256576	13955	2.3
6261676	16384	4.3
6269111	10472	2.3
6269111	177221	2.3
6271845	1664	2.3
6279874	447907	2.3
6281996	543113	2.3
6303634	1718312	2.3
6311271	196	2.0
6347342	13963	3.3
6353057	447907	4.3
6359568	14911	6.3
6359630	841945	11.3
6359630	1148080	1.8
6375606	71931	2.3
6380550	3374	2.3
6385355	224486	2.3
6386498	552	6.3
6391887	199840	2.3
6403480	2638691	2.3
6419807	3798	5.3
6458226	14911	2.3
6459203	20150	4.3
6459203	276502	2.3
6459354	2467285	2.3
6466981	261935	4.3
6481809	11426	2.3
6481809	58857	5.3
6481809	273008	3.3
6484322	519349	2.3
6486814	62622	3.3
6522191	294694	7.0
6522941	19122	2.3
6522941	436171	2.0
6529368	4220	2.2
6534641	14471	2.3
6536186	2423655	2.3
6545401	20369	2.3
6546142	9357	7.3
6551341	14911	2.3
6578971	1130	10.3
6583845	457	2.3
6591681	1381909	2.3
6593927	1538	2.3
6593927	61066	1.8
6595739	1974225	2.3
6606934	457	2.3
6606934	487	2.3
6619784	530	2.3
6619784	294694	2.3
6619815	16359	2.3
6621591	11180	2.3
6624166	12512	3.3
6635318	12336	3.3
6639364	11297	2.2
6650483	666195	2.3
6657328	74202	3.3
6667336	1578204	2.3
6667336	2738669	2.3
6674943	10953	3.3
6689669	314280	2.3
6696348	1164	5.3
6696348	3238	2.3
6696348	2612014	3.3
6722010	17337	2.6
6726245	58857	2.3
6729894	72512	3.3
6731867	1432167	2.3
6734026	2330067	5.3
6734520	15900	2.3
6743837	16025	2.3
6771970	647	2.3
6772860	3235	2.3
6776302	159376	2.3
6777038	23215	2.3
6777712	13496	2.3
6791145	666195	5.3
6798856	23385	2.3
6799119	1432167	2.3
6804747	487	2.3
6810623	1492831	2.3
6814286	153304	3.3
6814713	2682	2.3
6820676	71236	4.3
6821877	444189	5.3
6828805	497008	3.3
6829918	64265	4.3
6838627	16288	2.3
6843999	12075	4.3
6845385	68539	2.3
6848522	2330067	6.3
6850862	1185432	4.3
6853173	513407	3.3
6853173	1313259	3.3
6853173	2221613	6.3
6856082	91016	2.3
6857034	672692	2.3
6866220	445	2.0
6876538	27248	2.3
6888600	14264	2.3
6893349	159376	6.3
6893349	2492279	2.3
6894457	14533	3.3
6895724	38969	2.3
6901248	1999976	3.3
6901417	1999976	2.3
6901428	58049	2.3
6901623	62908	2.3
6903674	16284	2.3
6904295	71051	2.3
6904432	10495	2.3
6904438	14069	2.3
6904862	10495	2.3
6904971	311	2.0
6905002	447155	2.3
6905069	38765	2.3
6905135	10188	2.3
6905313	1164	2.3
6905525	177	2.0
6905613	72906	2.3
6906353	2357466	2.3
6906387	16216	2.3
6906641	960	2.3
6906773	12336	2.3
6906941	1611055	3.3
6907018	24803	1.9
6907027	243	3.3
6907040	159376	3.3
6907045	1825	2.3
6907049	183947	2.3
6907074	53323	2.3
6907133	183947	2.3
6907143	10487	2.3
6907159	43627	2.3
6907160	10614	2.3
6907175	1778	2.3
6907181	38131	2.3
6907188	29833	3.3
6907201	487	2.3
6907204	36041	2.3
6907210	233295	2.3
6907213	1578204	2.3
6907214	56016	2.3
6907220	2543	2.3
6907223	62622	2.3
6907223	72512	2.3
6907223	563677	2.3
6907224	14734	2.3
6907226	1300	2.3
6907230	204496	2.3
6907235	213417	2.3
6907237	59557	2.3
6907251	116095	2.3
6907257	2853	2.3
6907259	103666	2.3
6907272	29833	2.3
6907276	72512	2.3
6907276	335064	2.3
6907277	1744304	2.3
6907282	48793	2.3
6907297	2026761	2.3
6907298	2303417	2.3
6907303	585799	3.3
6907315	563677	2.3
6907319	46198	5.3
6907325	15912	2.3
6907325	58397	2.3
6907325	2382535	2.3
6907352	11798	2.3
6907356	53605	2.0
6907361	159376	2.3
6907369	10707	2.3
6907378	2354839	2.3
6907387	53618	2.3
6907403	279850	2.3
6907405	1778	2.3
6907418	647	2.3
6907421	227041	2.3
6907432	1411228	2.3
6907434	2499778	3.3
6907435	13496	2.3
6907435	77088	2.3
6907449	159376	2.3
6907450	65460	2.3
6907454	16480	2.3
6907457	15816	2.3
6907462	10330	2.3
6907486	48265	2.3
6907522	294657	2.3
6907544	684613	2.3
6907566	42667	2.3
6907568	285121	2.3
6907571	26625	2.3
6907577	41387	2.3
6907595	15972	2.3
6907607	15816	3.3
6907609	487	2.3
6907609	10707	2.3
6907614	10603	2.3
6907614	15900	2.3
6907614	294694	2.3
6907614	563677	2.3
6907619	66332	2.3
6907623	16025	2.3
6907629	42150	4.3
6907632	1471925	4.3
6907650	1578204	2.3
6907671	15271	2.3
6907677	1877	2.3
6907710	10933	2.3
6907711	2457863	3.3
6907712	163897	2.3
6907712	2026761	2.3
6907715	2328969	2.3
6907724	1274	2.3
6907736	2457863	2.3
6907753	120315	2.3
6907759	10937	2.3
6907768	1188	2.0
6907779	152864	3.3
6907788	72512	2.3
6907798	1825	2.3
6907798	587966	2.3
6907800	16480	2.3
6907800	335064	2.3
6907801	14734	2.3
6907810	16384	2.3
6907821	243	2.3
6907821	2542	2.3
6907821	14540	2.3
6907821	2738669	2.3
6907822	1274	2.3
6907829	75344	2.3
6907840	69044	2.3
6907840	75243	2.3
6907840	2217910	2.3
6907842	33511	2.3
6907855	1300	2.3
6907857	15939	2.3
6907861	9357	2.3
6907863	16522	2.3
6907863	261935	2.3
6907866	218214	2.3
6907875	273834	2.3
6907884	261935	2.0
6907889	15816	2.3
6907894	10329	2.3
6907896	1879	2.3
6907902	3103	2.3
6907905	1415	2.3
6907914	447155	2.3
6907927	38765	2.3
6907932	159376	2.3
6907939	57578	3.3
6907950	57578	2.3
